2 19 6 23
6 23 8 23
8 23 9 24
9 24 14 24
14 24 15 23
15 23 19 23
19 23 20 22
20 22 22 22
22 22 23 21
23 21 24 21
24 21 26 19
26 19 26 18
26 18 25 17
25 17 27 19
27 19 29 19
29 19 32 16
32 16 31 15
31 15 29 15
29 15 29 11
29 11 31 9
31 9 29 7
29 7 28 7
28 7 27 8
27 8 26 8
26 8 25 9
25 9 24 9
24 9 23 10
23 10 23 11
23 11 24 12
24 12 24 15
27 12 28 12
28 12 28 11
28 11 27 12
23 10 22 9
22 9 22 4
22 4 23 3
23 3 23 2
23 2 21 2
21 2 21 3
21 3 20 6
20 6 19 7
19 7 19 10
19 10 18 11
18 11 18 12
19 9 12 9
12 9 11 10
11 10 9 10
9 10 8 9
8 9 7 9
7 9 6 8
6 8 6 4
6 4 7 3
7 3 7 2
7 2 5 2
5 2 5 4
5 4 4 5
4 5 4 7
4 7 3 8
3 8 4 9
4 9 4 10
4 10 3 11
3 11 3 13
3 13 2 14
2 14 2 19
8 9 8 6
8 6 9 5
9 5 9 4
9 4 7 4
7 4 7 6
7 6 6 7
17 9 17 6
17 6 18 5
18 5 18 4
18 4 16 4
16 4 16 5
16 5 15 6
15 6 15 9